1
Oros Hydropower
1  4  1  1  2
5  1
3  1
0.9  20  8  10  0  383.604  5
0.083333333   0.083333333   0.083333333   0.083333333   0.083333333   0.083333333   0.083333333   0.083333333   0.083333333   0.083333333   0.083333333   0.083333333   
0.2   0.3   
20   30   
15  240  0.9  0.2  0.3  100
2
Banabuiu Agriculture
2  3  1  1  2
5  1
3  2
0.9  20  8  20  0  346.5592961  3
0.083333333   0.083333333   0.083333333   0.083333333   0.083333333   0.083333333   0.083333333   0.083333333   0.083333333   0.083333333   0.083333333   0.083333333   
0.2   0.3   
20   30   
3
Lower Jaguaribe Agriculture
3  3  1  1  2
12  1
5  1
0.9  20  8  20  0  200  3
0.083333333   0.083333333   0.083333333   0.083333333   0.083333333   0.083333333   0.083333333   0.083333333   0.083333333   0.083333333   0.083333333   0.083333333   
0.2   0.3   
20   30   
4
Canal do Trabalhador
4  1  1  1  2
3  3
5  1
0.9  20  40  20  0  120.52  3
0.083333333   0.083333333   0.083333333   0.083333333   0.083333333   0.083333333   0.083333333   0.083333333   0.083333333   0.083333333   0.083333333   0.083333333   
0.2   0.3   
20   30   
5
Pacajus Pump
5  1  1  1  2
3  4
3  3
0.9  20  40  20  0  138.237  3
0.083333333   0.083333333   0.083333333   0.083333333   0.083333333   0.083333333   0.083333333   0.083333333   0.083333333   0.083333333   0.083333333   0.083333333   
0.2   0.3   
20   30   
6
City of Fortaleza
6  1  1  1  2
12  1
3  4
0.9  20  87  20  0  262.8764297  3
0.083333333   0.083333333   0.083333333   0.083333333   0.083333333   0.083333333   0.083333333   0.083333333   0.083333333   0.083333333   0.083333333   0.083333333   
0.2   0.3   
20   30   
